875.0 20.08 17.16 83.28802603159541 -6.594409510582367 18.020070915833795 267.4999999999999
850.0 16.96 15.73 92.4611493087444 -6.354371646508069 20.376484080136457 516.89
825.0 15.8 14.98 94.87210278950297 -4.679148976889936 21.715306264936054 771.61
800.0 16.16 11.34 73.09517151768723 -0.8497322890909653 21.064801639417052 1033.8400000000001
775.0 16.84 4.49 43.90893989426605 3.65775527400325 17.771946819722153 1304.4099999999999
750.0 16.31 -3.0 26.456214349786343 6.6564394908179585 14.33352017392065 1583.4899999999998
725.0 14.54 -7.37 21.284823022516033 8.26691038482006 12.146140475083653 1870.67
700.0 12.14 -9.26 21.488402290678685 9.451658913643328 10.623231916465482 2165.2
675.0 9.58 -10.51 23.085764679298457 10.443336004692839 9.321033756735215 2467.7599999999998
650.0 6.82 -12.13 24.46800602408555 11.076793832201881 8.226353089850592 2779.1299999999997
625.0 3.94 -13.71 26.299807757847564 11.577306541358327 7.2568004486563655 3099.31
600.0 1.11 -14.48 30.19826998261001 11.894335684984478 6.361659025025045 3428.5099999999998
575.0 -1.79 -15.7 33.72395185759913 12.195440730669997 5.568068083744044 3769.2400000000002
550.0 -4.8 -16.92 38.129063402342126 12.307168253759412 4.830561729554776 4120.12
525.0 -7.91 -19.08 40.29215565980074 12.244772956256114 4.273668549455276 4483.75
500.0 -11.0 -21.85 40.41827661381349 11.902359147602448 4.019467069889839 4860.700000000001
475.0 -14.14 -25.4 37.96512977292094 11.276549912761828 4.1243997077678705 5251.33
450.0 -17.27 -28.93 35.57559055707763 10.53432858837252 4.73431498534572 5659.68
425.0 -20.61 -32.57 33.46883679525341 9.837588527327737 5.647729120362423 6084.38
400.0 -24.19 -35.04 36.01851156092663 9.359022697402482 6.802224027913584 6528.9400000000005
375.0 -27.94 -36.6 43.367571273758976 9.522772177047313 7.769351443195291 6995.8
350.0 -31.9 -38.72 50.80377150916851 10.070051883805485 8.60671785128705 7487.22
325.0 -35.98 -41.8 54.976537291165286 10.972118819194703 9.537917375269796 8005.96
300.0 -39.82 -45.46 54.79300744690464 12.057885854557131 11.002646821968106 8556.63
275.0 -43.26 -49.22 51.72762518172062 13.68042515509436 13.51429996634328 9145.98
250.0 -46.3 -52.76 47.761166136703494 15.912546648033763 16.821164448908878 9783.199999999999
225.0 -50.45 -58.02 40.26734164471047 17.44181958580484 19.10792616733585 10476.17
200.0 -56.38 -65.19 32.10696292413633 17.6208487781598 19.223045250012145 11233.17
175.0 -61.93 -71.95 25.05484324691829 19.670547259643694 18.26620915031124 12068.74
150.0 -65.22 -76.19 20.548034464374364 23.330151282431316 15.231953964978166 13012.449999999999
125.0 -63.37 -81.11 7.3577288840790445 26.46097604252951 8.47531702506292 14124.93
100.0 -62.02 -86.36 2.541742194377172 19.58704397460545 -0.7216475002729374 15500.559999999998